03:59:37.323034	0	out
03:59:37.323231	0	out
03:59:37.328088	0	in
03:59:37.328132	0	out
03:59:37.328290	203	out
03:59:37.329116	0	in
03:59:37.329154	0	out
03:59:37.329337	203	out
03:59:37.333261	0	in
03:59:37.333264	0	in
03:59:37.334001	1448	in
03:59:37.334004	1448	in
03:59:37.334032	0	out
03:59:37.334040	1200	in
03:59:37.334042	1448	in
03:59:37.334051	0	out
03:59:37.334058	0	out
03:59:37.334167	1448	in
03:59:37.334180	0	out
03:59:37.334957	1200	in
03:59:37.334982	0	out
03:59:37.336098	581	in
03:59:37.336103	581	in
03:59:37.336156	0	out
03:59:37.336175	0	out
03:59:37.337141	126	out
03:59:37.338718	126	out
03:59:37.342785	242	in
03:59:37.342788	63	in
03:59:37.342819	0	out
03:59:37.342832	0	out
03:59:37.343859	242	in
03:59:37.343862	63	in
03:59:37.343886	0	out
03:59:37.343898	0	out
03:59:37.639202	0	out
03:59:37.639369	93	out
03:59:37.639726	38	out
03:59:37.639841	366	out
03:59:37.644915	31	in
03:59:37.644918	0	in
03:59:37.644982	0	out
03:59:37.644992	0	out
03:59:37.645859	38	in
03:59:37.645880	0	out
03:59:37.649129	0	in
03:59:37.964952	668	in
03:59:37.964954	1448	in
03:59:37.964986	0	out
03:59:37.964998	0	out
03:59:37.965969	1438	in
03:59:37.965997	0	out
03:59:37.969574	1448	in
03:59:37.969577	27	in
03:59:37.969607	0	out
03:59:37.999912	421	out
03:59:37.999995	106	out
03:59:38.000061	117	out
03:59:38.000140	94	out
03:59:38.000181	86	out
03:59:38.000397	90	out
03:59:38.000438	94	out
03:59:38.005134	0	in
03:59:38.017599	192	in
03:59:38.017622	0	out
03:59:38.018342	1448	in
03:59:38.018345	33	in
03:59:38.018346	1448	in
03:59:38.018347	33	in
03:59:38.018349	1448	in
03:59:38.018378	0	out
03:59:38.018396	0	out
03:59:38.018401	1448	in
03:59:38.018402	66	in
03:59:38.018403	1448	in
03:59:38.018405	1448	in
03:59:38.018413	0	out
03:59:38.018418	0	out
03:59:38.018425	0	out
03:59:38.019547	0	out
03:59:38.023094	1448	in
03:59:38.023097	1448	in
03:59:38.023139	0	out
03:59:38.023192	0	out
03:59:38.024384	1448	in
03:59:38.024387	1448	in
03:59:38.024389	1448	in
03:59:38.024390	1448	in
03:59:38.024393	1448	in
03:59:38.024394	1448	in
03:59:38.024396	1448	in
03:59:38.024397	1448	in
03:59:38.024399	1448	in
03:59:38.024436	0	out
03:59:38.024451	0	out
03:59:38.024461	0	out
03:59:38.024477	0	out
03:59:38.024501	1448	in
03:59:38.024502	1448	in
03:59:38.024504	1448	in
03:59:38.024534	0	out
03:59:38.024536	0	out
03:59:38.024537	0	out
03:59:38.024539	0	out
03:59:38.024539	0	out
03:59:38.024862	0	out
03:59:38.025781	1448	in
03:59:38.025784	1448	in
03:59:38.025786	1448	in
03:59:38.025788	1448	in
03:59:38.025790	1448	in
03:59:38.025791	1448	in
03:59:38.025821	0	out
03:59:38.025838	0	out
03:59:38.025845	0	out
03:59:38.025923	0	out
03:59:38.027898	1448	in
03:59:38.027900	1448	in
03:59:38.027902	1448	in
03:59:38.027904	1448	in
03:59:38.027932	0	out
03:59:38.027945	0	out
03:59:38.027989	0	out
03:59:38.028323	1448	in
03:59:38.028326	1448	in
03:59:38.028328	1448	in
03:59:38.028329	1448	in
03:59:38.028353	0	out
03:59:38.028366	0	out
03:59:38.028408	0	out
03:59:38.029414	1448	in
03:59:38.029417	1448	in
03:59:38.029419	1448	in
03:59:38.029421	1448	in
03:59:38.029422	1448	in
03:59:38.029456	0	out
03:59:38.029471	0	out
03:59:38.029477	1448	in
03:59:38.029487	0	out
03:59:38.029684	0	out
03:59:38.030550	1448	in
03:59:38.030552	1448	in
03:59:38.030554	1448	in
03:59:38.030555	1448	in
03:59:38.030578	0	out
03:59:38.030591	0	out
03:59:38.030795	0	out
03:59:38.035196	1448	in
03:59:38.035200	1448	in
03:59:38.035239	0	out
03:59:38.035324	0	out
03:59:38.036521	1448	in
03:59:38.036525	1448	in
03:59:38.036527	1448	in
03:59:38.036528	1448	in
03:59:38.036561	0	out
03:59:38.036576	0	out
03:59:38.036590	0	out
03:59:38.040653	1448	in
03:59:38.040656	1448	in
03:59:38.040695	0	out
03:59:38.040736	0	out
03:59:38.046375	1448	in
03:59:38.046378	1448	in
03:59:38.046380	1448	in
03:59:38.046382	1448	in
03:59:38.046384	1448	in
03:59:38.046385	1448	in
03:59:38.046387	1448	in
03:59:38.046388	1448	in
03:59:38.046417	0	out
03:59:38.046429	0	out
03:59:38.046434	0	out
03:59:38.046440	0	out
03:59:38.046494	0	out
03:59:38.047610	1448	in
03:59:38.047611	1448	in
03:59:38.047613	1448	in
03:59:38.047637	0	out
03:59:38.047657	1448	in
03:59:38.047659	1448	in
03:59:38.047668	0	out
03:59:38.047836	0	out
03:59:38.048167	1448	in
03:59:38.048169	1448	in
03:59:38.048187	0	out
03:59:38.048466	0	out
03:59:38.050085	1448	in
03:59:38.050088	1448	in
03:59:38.050090	1448	in
03:59:38.050092	1448	in
03:59:38.050094	1448	in
03:59:38.050128	0	out
03:59:38.050144	0	out
03:59:38.050157	1448	in
03:59:38.050158	1448	in
03:59:38.050161	0	out
03:59:38.050161	1448	in
03:59:38.050163	1448	in
03:59:38.050165	1448	in
03:59:38.050196	0	out
03:59:38.050202	0	out
03:59:38.050208	0	out
03:59:38.050215	0	out
03:59:38.050428	0	out
03:59:38.050936	1448	in
03:59:38.050938	1448	in
03:59:38.050940	1448	in
03:59:38.050962	0	out
03:59:38.051144	0	out
03:59:38.054333	1448	in
03:59:38.054337	1448	in
03:59:38.054338	1448	in
03:59:38.054340	1448	in
03:59:38.054341	1448	in
03:59:38.054377	0	out
03:59:38.054391	0	out
03:59:38.054395	1448	in
03:59:38.054400	0	out
03:59:38.054407	0	out
03:59:38.057248	1448	in
03:59:38.057250	1448	in
03:59:38.057263	0	out
03:59:38.057270	1448	in
03:59:38.057271	1448	in
03:59:38.057272	1448	in
03:59:38.057274	1448	in
03:59:38.057283	0	out
03:59:38.057289	0	out
03:59:38.057910	0	out
03:59:38.058369	1448	in
03:59:38.058371	1448	in
03:59:38.058373	1448	in
03:59:38.058397	0	out
03:59:38.058678	0	out
03:59:38.059831	1448	in
03:59:38.059833	1448	in
03:59:38.059835	1448	in
03:59:38.059837	1448	in
03:59:38.059838	1448	in
03:59:38.059840	1448	in
03:59:38.059842	1448	in
03:59:38.059870	0	out
03:59:38.059883	0	out
03:59:38.059891	0	out
03:59:38.059896	1448	in
03:59:38.059897	1448	in
03:59:38.059904	0	out
03:59:38.060211	0	out
03:59:38.061737	1448	in
03:59:38.061741	1448	in
03:59:38.061743	1448	in
03:59:38.061778	0	out
03:59:38.061816	0	out
03:59:38.062037	1448	in
03:59:38.062039	1448	in
03:59:38.062041	1448	in
03:59:38.062059	0	out
03:59:38.062086	0	out
03:59:38.062736	1448	in
03:59:38.062738	1448	in
03:59:38.062740	1448	in
03:59:38.062776	0	out
03:59:38.062849	0	out
03:59:38.069948	1448	in
03:59:38.069950	1448	in
03:59:38.069952	1448	in
03:59:38.069980	0	out
03:59:38.070025	0	out
03:59:38.070942	1448	in
03:59:38.070947	1448	in
03:59:38.070948	1448	in
03:59:38.070950	1448	in
03:59:38.070951	1448	in
03:59:38.070968	0	out
03:59:38.070978	0	out
03:59:38.070986	0	out
03:59:38.070986	1448	in
03:59:38.070993	0	out
03:59:38.071012	0	out
03:59:38.072276	1448	in
03:59:38.072279	1448	in
03:59:38.072281	1448	in
03:59:38.072282	1448	in
03:59:38.072284	1448	in
03:59:38.072316	0	out
03:59:38.072330	0	out
03:59:38.072335	1448	in
03:59:38.072336	1448	in
03:59:38.072344	0	out
03:59:38.072670	0	out
03:59:38.074169	1448	in
03:59:38.074173	1448	in
03:59:38.074174	1448	in
03:59:38.074176	1448	in
03:59:38.074178	1448	in
03:59:38.074214	0	out
03:59:38.074229	0	out
03:59:38.074234	1448	in
03:59:38.074237	1448	in
03:59:38.074238	1448	in
03:59:38.074247	0	out
03:59:38.074255	0	out
03:59:38.074433	0	out
03:59:38.074524	1448	in
03:59:38.074526	1448	in
03:59:38.074528	1448	in
03:59:38.074529	1448	in
03:59:38.074531	1448	in
03:59:38.074532	1448	in
03:59:38.074549	0	out
03:59:38.074557	0	out
03:59:38.074563	0	out
03:59:38.074609	0	out
03:59:38.074912	1448	in
03:59:38.078566	1448	in
03:59:38.078569	1448	in
03:59:38.078570	1448	in
03:59:38.078607	0	out
03:59:38.078626	0	out
03:59:38.078673	0	out
03:59:38.079214	1448	in
03:59:38.079216	1448	in
03:59:38.079217	1448	in
03:59:38.079218	1448	in
03:59:38.079219	1448	in
03:59:38.079237	0	out
03:59:38.079245	0	out
03:59:38.079274	0	out
03:59:38.079555	1448	in
03:59:38.080430	1448	in
03:59:38.080432	1448	in
03:59:38.080434	1448	in
03:59:38.080435	1448	in
03:59:38.080436	1448	in
03:59:38.080437	1448	in
03:59:38.080453	0	out
03:59:38.080463	0	out
03:59:38.080468	0	out
03:59:38.080481	0	out
03:59:38.081414	1448	in
03:59:38.081417	1448	in
03:59:38.081418	1448	in
03:59:38.081419	1448	in
03:59:38.081421	1448	in
03:59:38.081441	0	out
03:59:38.081451	0	out
03:59:38.081454	1448	in
03:59:38.081456	1448	in
03:59:38.081460	0	out
03:59:38.081466	0	out
03:59:38.082345	1448	in
03:59:38.082346	1448	in
03:59:38.082347	37	in
03:59:38.082363	0	out
03:59:38.082375	0	out
03:59:38.082424	0	out
03:59:38.330499	210	out
03:59:38.332549	121	out
03:59:38.336037	97	out
03:59:38.337851	98	out
03:59:38.338956	99	out
03:59:38.339470	0	in
03:59:38.341349	101	out
03:59:38.342614	0	in
03:59:38.346478	102	out
03:59:38.348119	0	in
03:59:38.348257	93	out
03:59:38.354173	0	in
03:59:38.354924	344	in
03:59:38.354940	0	out
03:59:38.356592	245	in
03:59:38.356593	787	in
03:59:38.356610	0	out
03:59:38.356619	0	out
03:59:38.358526	221	in
03:59:38.358528	1164	in
03:59:38.358564	0	out
03:59:38.358584	0	out
03:59:38.361374	222	in
03:59:38.361376	987	in
03:59:38.361378	221	in
03:59:38.361379	323	in
03:59:38.361415	0	out
03:59:38.361431	0	out
03:59:38.361439	0	out
03:59:38.361447	0	out
03:59:38.362822	221	in
03:59:38.362825	953	in
03:59:38.362854	0	out
03:59:38.362871	0	out
03:59:38.364526	221	in
03:59:38.364528	931	in
03:59:38.364558	0	out
03:59:38.364573	0	out
03:59:38.365989	230	in
03:59:38.365992	965	in
03:59:38.366019	0	out
03:59:38.366034	0	out
03:59:38.516962	368	out
03:59:38.534383	1448	in
03:59:38.534385	33	in
03:59:38.534386	1448	in
03:59:38.534388	1448	in
03:59:38.534389	66	in
03:59:38.534424	0	out
03:59:38.534434	0	out
03:59:38.534441	0	out
03:59:38.534445	1448	in
03:59:38.534446	1448	in
03:59:38.534448	66	in
03:59:38.534457	0	out
03:59:38.534462	0	out
03:59:38.534492	1448	in
03:59:38.534494	33	in
03:59:38.534495	1448	in
03:59:38.534497	33	in
03:59:38.534498	1448	in
03:59:38.534499	1448	in
03:59:38.534500	66	in
03:59:38.534521	0	out
03:59:38.534540	0	out
03:59:38.534548	0	out
03:59:38.534554	0	out
03:59:38.534556	1448	in
03:59:38.534558	1418	in
03:59:38.534567	0	out
03:59:38.534646	0	out
03:59:38.563130	91	out
03:59:38.581216	262	in
03:59:38.581219	1448	in
03:59:38.581221	33	in
03:59:38.581223	39	in
03:59:38.581266	0	out
03:59:38.581286	0	out
03:59:38.581292	0	out
03:59:38.798739	1295	out
03:59:38.806049	63	in
03:59:38.806149	0	out
03:59:39.685313	602	out
03:59:39.697713	226	in
03:59:39.697715	220	in
03:59:39.697754	0	out
03:59:39.697766	0	out
